tree
version=v3
num_class=1
num_tree_per_iteration=1
label_index=0
max_feature_idx=9
objective=quantile
feature_names=Month Hour hour_x hour_y month_x month_y net_target-1 diffuse_solar_radiation+1 relative_humidity+1 drybulb_temp+1
feature_infos=[1:12] [0:23] [-1:1] [-1:1] [-0.86602540378443871:1] [-1:1] [0:1] [0:6.9196838498474111] [10:100] [5.5999999999999996:32.200000000000003]
tree_sizes=2759 2901 2929 2679 2907 2912 2899 2920 2919 2940 2917 2900 2941 2668

Tree=0
num_leaves=31
num_cat=0
split_feature=6 1 6 2 0 1 4 0 1 1 4 7 7 1 6 6 8 8 8 8 6 6 6 0 6 6 4 8 6 8
split_gain=0.110014 0.184615 0.0211748 0.0338577 0.046815 0.0766667 0.0343137 0.037478 0.132435 0.00611671 0.0127909 0.0540725 0.134426 0.0135417 0.0195046 0.0364835 0.0652038 0.0199055 0.00613737 0.0141803 0.0248918 0.00542209 0.0373054 0.00194663 0.00504889 0.0405268 0.00108193 0.0104349 0.0382353 0.00103595
threshold=0.7722495352372748 18.500000000000004 0.61101061942999502 0.25881904510252057 11.500000000000002 17.500000000000004 -0.68301270189221952 1.5000000000000002 17.500000000000004 14.500000000000002 0.6830127018922193 3.8176519431297078 3.9219243190762363 17.500000000000004 0.48422131977811883 0.50966161842553204 80.500000000000014 69.500000000000014 86.500000000000014 89.500000000000014 0.42087425214079383 0.5618871384943267 0.56932807745542124 8.5000000000000018 0.5493747107683159 0.5618871384943267 -0.68301270189221952 59.500000000000007 0.39690555403489997 86.500000000000014
decision_type=2 2 2 2 2 2 2 2 2 2 2 2 2 2 2 2 2 2 2 2 2 2 2 2 2 2 2 2 2 2
left_child=2 -2 9 4 6 -6 -4 8 -8 26 23 13 -13 14 18 16 -16 -17 -12 20 -20 -15 -23 -11 29 -26 27 28 -1 -25
right_child=1 -3 3 -5 5 -7 7 -9 -10 10 11 12 -14 21 15 17 -18 -19 19 -21 -22 22 -24 24 25 -27 -28 -29 -30 -31
leaf_value=0.83227123916149137 0.84878784716129307 0.85195319652557377 0.85758801698684695 0.84870831668376923 0.84214430153369901 0.85361624062061314 0.84613898396492004 0.85008604526519771 0.85265149474143986 0.84733377835157453 0.84921357631683347 0.85358026027679446 0.84285638332366941 0.84643093667811831 0.83898997902870176 0.85067246854305267 0.85455556213855743 0.84884037673473356 0.83704777657985685 0.84615629613399501 0.85024178624153135 0.85758801698684695 0.84272815585136418 0.84744992256164553 0.85069225132465365 0.84865514636039729 0.84396038774357574 0.84566598534584048 0.85369824767112734 0.85245233178138735
leaf_weight=65 48 30 21 492 23 25 59 255 22 3120 298 20 41 1170 26 38 29 118 23 73 21 23 139 724 21 120 11078 667 20 549
leaf_count=65 48 30 21 492 23 25 59 255 22 3120 298 20 41 1170 26 38 29 118 23 73 21 23 139 724 21 120 11078 667 20 549
internal_value=0.850093 0.851966 0.850084 0.850321 0.85066 0.852126 0.850463 0.85034 0.851277 0.850073 0.850111 0.850216 0.851682 0.85017 0.850362 0.850754 0.851861 0.850363 0.850163 0.85047 0.851179 0.85008 0.850351 0.850065 0.850113 0.850397 0.850051 0.850109 0.850631 0.850082
internal_weight=0 78 19280 897 405 48 357 336 81 18383 6553 2019 61 1958 626 211 55 156 415 117 44 1332 162 4534 1414 141 11830 752 85 1273
internal_count=19358 78 19280 897 405 48 357 336 81 18383 6553 2019 61 1958 626 211 55 156 415 117 44 1332 162 4534 1414 141 11830 752 85 1273
is_linear=0
shrinkage=1


Tree=1
num_leaves=31
num_cat=0
split_feature=6 1 6 1 5 9 8 8 1 6 6 6 6 1 1 7 0 1 8 9 6 9 6 0 8 8 5 8 8 9
split_gain=0.107451 0.1375 0.0343989 0.0263058 0.0575435 0.106844 0.0946285 0.177161 0.14022 0.0953443 0.025 0.0218414 0.00724282 0.0416667 0.00269796 0.0308187 0.00308685 0.00642968 0.0219287 0.0409154 0.111643 0.0155772 0.0295918 0.00097072 0.00347473 0.0450739 0.00110263 0.00255416 0.00726496 0.0126984
threshold=0.7722495352372748 18.500000000000004 0.5618871384943267 17.500000000000004 -0.25000000000000028 13.800000000000002 72.500000000000014 86.500000000000014 19.500000000000004 0.61101061942999502 0.61101061942999502 0.58880758228926822 0.57279983448874594 15.500000000000002 12.500000000000002 6.6522174514715386 10.500000000000002 17.500000000000004 77.500000000000014 17.150000000000002 0.39452410493522433 14.300000000000002 0.4770546276565712 1.5000000000000002 62.500000000000007 60.500000000000007 -0.93301270189221919 86.500000000000014 89.500000000000014 18.850000000000005
decision_type=2 2 2 2 2 2 2 2 2 2 2 2 2 2 2 2 2 2 2 2 2 2 2 2 2 2 2 2 2 2
left_child=2 -2 14 12 -5 -6 -7 8 9 -8 -10 -9 13 -4 -1 16 23 18 -18 21 -21 22 -20 24 25 -16 27 -25 29 -29
right_child=1 -3 3 4 5 6 7 11 10 -11 -12 -13 -14 -15 15 -17 17 -19 19 20 -22 -23 -24 26 -26 -27 -28 28 -30 -31
leaf_value=-0.0076181239882024106 -0.0022613973915576956 0.0014266884326934793 -0.0049361786860755768 -0.0013151161372661592 -0.0016105183959007287 -0.00230321601033211 0.007120599150657653 0.00017791897058486717 0.0015086284279823281 0.0033474116027355175 -0.0088847927749156948 -0.0045920999348163629 -6.2739849090553974e-06 0.00055082812905311591 -0.0016424377373788158 0.0034253183007240287 -0.0011896590888500203 -0.0051905204466912548 -0.0021941947937011708 -0.011810900928430923 0.00026896476745605358 -0.0014840759336948396 0.0042397670447826387 -0.0035841000080108656 -0.0025154459476470939 0.0033132302761077871 -0.0038888590151397286 -0.0071142998337745678 -0.0034974415600299846 0.0022416982054710376
leaf_weight=9930 44 36 100 420 231 79 21 31 20 38 20 65 797 20 183 31 476 830 29 35 22 158 20 514 486 20 4507 48 170 42
leaf_count=9930 44 36 100 420 231 79 21 31 20 38 20 65 797 20 183 31 476 830 29 35 22 158 20 514 486 20 4507 48 170 42
internal_value=0 0.001825 -1.12256e-05 0.0001943 0.000382433 0.00074208 0.00140985 0.00200128 0.00348535 0.00503475 0.0012 0.000470834 4.52627e-06 0.000366667 -3.28575e-05 -1.03745e-05 -1.68429e-05 4.5542e-05 0.000152703 0.000518182 0.00170439 0.000191547 0.000970409 -3.32489e-05 2.25696e-05 0.000196306 -4.05315e-05 1.46001e-05 0.000142308 0.000505556
internal_weight=0 80 19343 1842 925 505 274 195 99 59 40 96 917 120 17501 7571 7540 1570 740 264 57 207 49 5970 689 203 5281 774 260 90
internal_count=19423 80 19343 1842 925 505 274 195 99 59 40 96 917 120 17501 7571 7540 1570 740 264 57 207 49 5970 689 203 5281 774 260 90
is_linear=0
shrinkage=0.05


Tree=2
num_leaves=31
num_cat=0
split_feature=6 1 3 6 4 6 6 4 6 6 3 6 7 6 6 6 6 1 4 4 6 6 6 1 6 6 1 3 0 7
split_gain=0.0485172 0.065699 0.0291086 0.0404746 0.0369134 0.0428932 0.0984347 0.0377218 0.036305 0.0740913 0.0544235 0.0349962 0.0160697 0.0336066 0.0142857 0.00600546 0.0451185 0.0144383 0.023703 0.0165416 0.0229187 0.0191382 0.0430248 0.0712251 0.00114103 0.0236667 0.025 0.000603922 0.00254294 0.0444036
threshold=0.7722495352372748 18.500000000000004 -0.78656609248549292 0.5493747107683159 0.6830127018922193 0.63563057763212327 0.61101061942999502 -0.68301270189221952 0.58099388434400667 0.5618871384943267 -0.9159756150367534 0.55517141859964625 6.8788411363758835 0.29170796758043088 0.62167569904968567 0.40979944579384747 0.41098791012500208 17.500000000000004 -0.68301270189221952 0.6830127018922193 0.42211963413458581 0.48422131977811883 0.50966161842553204 16.500000000000004 0.58455013866365502 0.58880758228926822 5.5000000000000009 -0.60355339059327362 10.500000000000002 3.7256208424938384
decision_type=2 2 2 2 2 2 2 2 2 2 2 2 2 2 2 2 2 2 2 2 2 2 2 2 2 2 2 2 2 2
left_child=2 -2 3 15 7 6 8 -5 9 -6 -11 -9 24 -14 -8 -1 -17 18 -18 -20 -21 -22 23 -23 27 26 -26 28 -4 -30
right_child=1 -3 12 4 5 -7 14 11 -10 10 -12 -13 13 -15 -16 16 17 -19 19 20 21 22 -24 -25 25 -27 -28 -29 29 -31
leaf_value=-0.0030736923279594433 -0.0011264923140406613 0.0013553540110588071 -0.00092624890790249837 0.0071209128499031054 -0.002786040812730789 -0.0013134631440043455 0.0076933645009994505 0.00076406472233100378 -0.0041554053053259876 0.0067645691931247703 0.001433197006583209 -5.960285663603182e-06 -0.01654943358401998 0.00018216673035875708 0.0012940874770283662 0.0021296132951974856 0.00013177515324966916 -0.0015936231474530016 -0.0046389895552693128 0.00012823170423507669 -0.0020844850540161111 0.0040277786925435044 -0.001130176134407518 -0.0095148744285106675 -0.0069956673998168798 -0.00077341777086257786 0.00016902302205562547 -0.0053483281670292301 -0.00077563653141259905 0.0002555165290832495
leaf_weight=1386 43 34 1176 23 53 102 24 27 90 36 22 463 41 20 21 20 30 1103 357 26 153 27 66 25 20 710 20 13096 290 21
leaf_count=1386 43 34 1176 23 53 102 24 27 90 36 22 463 41 20 21 20 30 1103 357 26 153 27 66 25 20 710 20 13096 290 21
internal_value=0 0.0012487 -8.86402e-06 0.000110336 0.000414577 0.00081207 0.00116951 0.000144932 0.000696269 0.00130135 0.00253621 5.20415e-05 -4.02553e-05 0.000769673 0.00328333 2.82969e-05 8.83515e-05 6.19201e-05 0.000242398 0.000179358 0.000455051 0.000319004 0.000797458 0.00187308 -4.34775e-05 1.66673e-05 0.0012 -4.65707e-05 -1.63746e-05 0.000110772
internal_weight=0 77 19448 4054 861 348 246 513 201 111 58 490 15394 61 45 3193 1807 1787 684 654 297 271 118 52 15333 750 40 14583 1487 311
internal_count=19525 77 19448 4054 861 348 246 513 201 111 58 490 15394 61 45 3193 1807 1787 684 654 297 271 118 52 15333 750 40 14583 1487 311
is_linear=0
shrinkage=0.05


Tree=3
num_leaves=28
num_cat=0
split_feature=6 1 6 0 9 1 6 0 3 3 1 3 1 9 6 5 5 1 6 1 9 9 6 9 6 6 0
split_gain=0.109798 0.23223 0.018094 0.0249702 0.132707 0.203175 0.419048 0.0112535 0.0328262 0.0107059 0.0287724 0.00542805 0.00670972 0.0288872 0.0816369 0.0201765 0.00277997 0.0125324 0.0312256 0.00118371 0.00290706 0.0154955 0.027619 0.000538147 0.00745735 0.0395545 1.73472e-18
threshold=0.7722495352372748 19.500000000000004 0.57681519789151348 1.5000000000000002 14.900000000000002 16.500000000000004 0.61639704838484699 11.500000000000002 -0.9829629131445341 -0.78656609248549292 19.500000000000004 -0.78656609248549292 16.500000000000004 14.900000000000002 0.48422131977811883 0.93301270189221952 -0.93301270189221919 19.500000000000004 0.41187584394462556 17.500000000000004 16.650000000000002 17.150000000000002 0.43764180752445098 21.400000000000002 0.42702728100342874 0.44067626513471897 10.500000000000002
decision_type=2 2 2 2 2 2 2 2 2 2 2 2 2 2 2 2 2 2 2 2 2 2 2 2 2 2 2
left_child=2 -2 11 4 -4 -6 -7 -5 -9 10 -10 12 13 14 15 -1 17 -14 -19 20 -18 22 -22 26 -25 -26 -13
right_child=1 -3 3 7 5 6 -8 8 9 -11 -12 23 16 -15 -16 -17 19 18 -20 -21 21 -23 -24 24 25 -27 -28
leaf_value=-0.0064223714590072589 -0.001070167698338631 0.0016284175902605059 -0.0037169976323843004 -5.6622713804244109e-06 -0.0062883435416966676 0.0073086962759494785 -0.0030730394799262264 0.0032457141797989589 -0.0022589625198394083 -0.004020926171541212 0.0048710767995566121 -0.0039308812634996559 -0.0051921743757503639 -0.00077669798048206069 0.0038263897579163264 0.0056016636022739822 -0.0010736673276871445 0.0020231326304376131 -0.004054509461619199 -0.0018187535408386623 -0.010199304210264167 -0.0038067289174182617 0.0001251863955871846 -0.0052077808304105177 0.0035214687940392899 -0.0048823816887157813 -0.0037291001723504073
leaf_weight=144 53 26 265 904 48 20 22 23 45 182 23 10010 198 498 34 39 404 21 40 1791 29 172 21 1523 21 103 2832
leaf_count=144 53 26 265 904 48 20 22 23 45 182 23 10010 198 498 34 39 404 21 40 1791 29 172 21 1523 21 103 2832
internal_value=0 0.00184873 -1.90906e-05 0.000145823 0.000513381 0.00217222 0.00471191 3.49624e-05 0.000316301 0.000150001 0.000685295 -3.32208e-05 2.37252e-05 0.000159791 0.000641245 0.000223225 -1.26301e-05 0.000143051 0.000769673 -2.93126e-05 2.98728e-05 0.000175226 0.000950001 -4.65485e-05 -1.96411e-05 0.000353226 -4.99994e-05
internal_weight=0 79 19412 1532 355 90 42 1177 273 250 68 17880 3391 715 217 183 2676 259 61 2417 626 222 50 14489 1647 124 12842
internal_count=19491 79 19412 1532 355 90 42 1177 273 250 68 17880 3391 715 217 183 2676 259 61 2417 626 222 50 14489 1647 124 12842
is_linear=0
shrinkage=0.05


Tree=4
num_leaves=31
num_cat=0
split_feature=6 1 6 3 0 6 0 6 3 1 6 6 7 7 6 1 6 8 0 6 5 0 6 6 0 6 0 8 7 7
split_gain=0.208047 0.240927 0.0453689 0.106986 0.162215 0.0543188 0.135484 0.0322967 0.0097486 0.013118 0.0241723 0.0300806 0.0151 0.0264294 0.0220547 0.0457875 0.0897178 0.0269608 0.0180952 0.03 0.0149137 0.0295918 0.00766185 0.0395833 0.00714645 0.0349313 0.00340704 0.024812 0.000802564 0.0200115
threshold=0.7722495352372748 18.500000000000004 0.61101061942999502 -0.9829629131445341 3.5000000000000004 0.61639704838484699 1.5000000000000002 0.63563057763212327 -0.60355339059327362 17.500000000000004 0.39452410493522433 0.39795250097792118 2.0126758453675748 1.8688348091416842 0.48422131977811883 16.500000000000004 0.50966161842553204 71.500000000000014 1.5000000000000002 0.45434517707651983 -0.6830127018922193 9.5000000000000018 0.42211963413458581 0.41737261109868024 11.500000000000002 0.62900642198573409 11.500000000000002 59.500000000000007 6.130138349771844 6.1409609789068069
decision_type=2 2 2 2 2 2 2 2 2 2 2 2 2 2 2 2 2 2 2 2 2 2 2 2 2 2 2 2 2 2
left_child=2 -2 8 4 -4 6 -5 -6 9 10 -1 -12 13 14 22 16 -16 -18 19 -14 21 -17 23 -13 -7 -26 -11 -28 -10 -30
right_child=1 -3 3 5 7 24 -8 -9 28 26 11 12 18 -15 15 20 17 -19 -20 -21 -22 -23 -24 -25 25 -27 27 -29 29 -31
leaf_value=-0.00055339665825520756 -0.0010166593134216973 0.0015469967107474782 0.0027494556144066098 0.0069432614621520068 0.001067097394187 -5.379157811402635e-06 -0.0024239157016575311 -0.0022846677616052305 -0.0038791803959639204 -0.0015746803830474446 0.00042919571124660496 -0.0013493640632554205 0.0033904252708725048 0.00011892707580782313 0.0036350702700205131 -0.005981897024364741 0.00026030738437547994 -0.0074329902189662735 -0.0019806070502102371 -0.0029264165400691936 -0.0010199839613027895 0.00091619793208536646 -0.0019265774349309485 0.00031215656489423931 0.0046275229595787839 -0.0014913438267819545 0.00064095857658468816 -0.0041911888800375162 0.0042853479594630707 -0.0052890974145993041
leaf_weight=1016 39 35 30 20 22 597 42 54 9782 2572 24 76 20 24 23 29 24 44 475 30 133 20 267 20 23 94 35 231 48 3586
leaf_count=1016 39 35 30 20 22 597 42 54 9782 2572 24 76 20 24 23 29 24 44 475 30 133 20 267 20 23 94 35 231 48 3586
internal_value=0 0.0026527 -3.51415e-06 0.000346826 0.00183679 0.0001433 0.0015629 0.000607895 -2.02358e-05 3.88808e-05 0.000129776 0.000280853 0.000245359 0.000404546 0.000343082 0.000682601 0.00159835 0.000685295 4.52387e-05 0.000950001 0.000224726 0.000970409 8.77417e-05 0.000470834 2.00287e-05 0.000377351 -3.23813e-05 0.000137971 -4.25456e-05 -2.24815e-05
internal_weight=0 74 19361 882 106 776 62 76 18479 5063 2225 1209 1185 660 636 273 91 68 525 50 182 49 363 96 714 117 2838 266 13416 3634
internal_count=19435 74 19361 882 106 776 62 76 18479 5063 2225 1209 1185 660 636 273 91 68 525 50 182 49 363 96 714 117 2838 266 13416 3634
is_linear=0
shrinkage=0.05


Tree=5
num_leaves=31
num_cat=0
split_feature=6 8 3 4 6 8 3 9 6 8 6 6 6 4 9 8 6 4 6 6 4 7 4 6 6 6 4 9 6 4
split_gain=0.207674 0.0888433 0.0450466 0.0750656 0.120237 0.135323 0.111807 0.0261905 0.0207517 0.0264876 0.0333773 0.0165661 0.0321673 0.0253633 0.047329 0.0802934 0.0496573 0.0314465 0.004649 0.0326787 0.00724274 0.0296907 0.007184 0.0221789 0.00738362 0.0353535 0.000773607 0.023308 0.0256098 0.000547019
threshold=0.7722495352372748 82.500000000000014 -0.78656609248549292 0.93301270189221952 0.5618871384943267 76.500000000000014 -0.9829629131445341 17.650000000000002 0.48422131977811883 66.500000000000014 0.50966161842553204 0.5493747107683159 0.55206756031671733 0.6830127018922193 14.900000000000002 72.500000000000014 0.61101061942999502 -0.68301270189221952 0.40979944579384747 0.41187584394462556 -0.68301270189221952 1.8688348091416842 0.6830127018922193 0.42211963413458581 0.50723051079156656 0.51745605389695914 -0.68301270189221952 21.050000000000004 0.33250426659811966 0.6830127018922193
decision_type=2 2 2 2 2 2 2 2 2 2 2 2 2 2 2 2 2 2 2 2 2 2 2 2 2 2 2 2 2 2
left_child=2 7 3 11 8 -6 -7 -2 -5 -10 -11 18 -13 17 -15 -16 -17 -14 -1 -20 21 -21 -22 -24 -25 -26 27 -4 -29 -28
right_child=1 -3 26 4 5 6 -8 -9 9 10 -12 12 13 14 15 16 -18 -19 19 20 22 -23 23 24 25 -27 29 28 -30 -31
leaf_value=-0.0021498131823319685 -0.0033814357074918259 0.0012637448598854296 -0.003096009366631969 -0.0038949558945437892 0.0067268378545123466 0.0031976618588892727 -0.0020714472025083418 0.0014696468752101067 0.00060891064775545631 0.0034533167565194869 -0.0046637089225528786 0.00087038803548109564 0.006765419278867541 -0.0016985492395676207 -0.0029191185480393457 0.0010748363616089496 0.0065960983890444086 -5.1101999208325033e-06 0.0020007100180681027 -0.0077210297051660999 -0.0016417197390577731 0.00011298072201743059 0.00029654873664952675 -0.001310962996942916 0.0019449427435128009 -0.0052221195102957751 -0.002692348206687407 -0.019085329734670472 0.0036098502250672907 -0.00070351918819959751
leaf_weight=1317 22 32 883 192 29 25 58 20 20 23 76 23 30 101 45 31 21 500 27 72 1044 25 34 269 22 77 9592 21 20 4855
leaf_count=1317 22 32 883 192 29 25 58 20 20 23 76 23 30 101 45 31 21 500 27 72 1044 25 34 269 22 77 9592 21 20 4855
internal_value=0 0.0026527 -1.11092e-06 0.000146996 0.000777424 0.00218214 0.00115482 0.00114048 0.000271544 0.000790337 0.000455051 7.3695e-05 0.00028289 0.000224726 0.000707576 0.00149639 0.00283462 4.43403e-05 1.92767e-05 7.73892e-05 4.72139e-05 0.000465465 1.91569e-05 0.000198757 8.58702e-05 0.000455051 -4.02407e-05 4.1132e-06 0.00116951 -4.30775e-05
internal_weight=0 74 19432 4061 423 112 83 42 311 119 99 3638 751 728 198 97 52 530 2887 1570 1543 97 1446 402 368 99 15371 924 41 14447
internal_count=19506 74 19432 4061 423 112 83 42 311 119 99 3638 751 728 198 97 52 530 2887 1570 1543 97 1446 402 368 99 15371 924 41 14447
is_linear=0
shrinkage=0.05


Tree=6
num_leaves=31
num_cat=0
split_feature=7 9 1 4 1 5 7 7 9 9 0 9 9 1 0 1 1 1 1 9 1 1 9 5 9 1 4 9 1 1
split_gain=0.0156755 0.0327586 0.0121623 0.0146955 0.0176987 0.0116693 0.0435052 0.0165003 0.0169906 0.0167976 0.0197867 0.0295097 0.0384195 0.0177365 0.0155938 0.0129465 0.0243632 0.0126419 0.0147142 0.00382669 0.00317016 0.00871795 0.00900563 0.00292655 0.0143567 0.0294372 0.00246048 0.0297064 0.0022392 0.00885036
threshold=6.8788411363758835 21.950000000000003 14.500000000000002 0.6830127018922193 20.500000000000004 -0.25000000000000028 3.7726948748059117 1.0000000180025095e-35 13.200000000000001 14.300000000000002 11.500000000000002 14.900000000000002 15.550000000000002 18.500000000000004 11.500000000000002 18.500000000000004 17.500000000000004 18.500000000000004 17.500000000000004 13.800000000000002 17.500000000000004 18.500000000000004 14.900000000000002 -0.93301270189221919 17.350000000000005 22.500000000000004 -0.5 13.800000000000002 19.500000000000004 20.500000000000004
decision_type=2 2 2 2 2 2 2 2 2 2 2 2 2 2 2 2 2 2 2 2 2 2 2 2 2 2 2 2 2 2
left_child=2 -2 -1 23 5 6 -5 8 -7 14 11 -11 -13 -14 15 16 -10 18 -16 -19 -12 22 -22 24 25 -4 27 -25 -26 -30
right_child=1 -3 3 4 -6 7 -8 -9 9 10 20 12 13 -15 17 -17 -18 19 -20 -21 21 -23 -24 26 28 -27 -28 -29 29 -31
leaf_value=-0.0035526927230018455 -0.015106162502582439 0.00051740979483794192 0.00039601785212550202 -0.0020292207635932368 -0.0039550939208484962 -0.0045622689521421121 0.00044291188509425487 -0.00048755390390171628 -0.010583446824071885 -0.0026873625238931498 -0.00073579931711000859 0.0062662934695921881 -0.0078982860097026441 0.0010210945435285002 0.0032806509186935119 -0.0061958521103967386 0.0022197255381302462 0.001200557616891157 -0.0052277604555207753 0.0040598049188742269 -0.002506776266250588 -0.0013132042753174423 0.0008538594315331883 0.0064271483149241637 -0.0019973821357034851 -0.005584862719574985 -0.001962346326483966 0.00084244868256621881 0.0019006745171646967 -0.0001574974436942156
leaf_weight=12112 38 20 21 491 781 144 22 215 22 65 136 38 42 32 31 54 21 20 26 31 24 85 41 31 435 34 2946 1134 80 194
leaf_count=12112 38 20 21 491 781 144 22 215 22 65 136 38 42 32 31 54 21 20 26 31 24 85 41 31 435 34 2946 1134 80 194
internal_value=0 0.00081207 -1.11554e-05 4.03286e-05 0.000143883 0.000242208 4.74665e-05 0.000339485 0.000442611 0.000548803 0.000381966 0.000797458 0.00128929 0.000625676 0.00092561 0.000465465 0.00111279 0.00133889 0.000827194 0.00191078 0.000124826 0.000283334 0.000719231 -8.97372e-06 8.08907e-05 0.000859092 -2.56744e-05 3.58376e-05 2.05225e-05 0.000132482
internal_weight=0 58 19308 7196 2321 1540 513 1027 812 668 463 177 112 74 205 97 43 108 57 51 286 150 65 4875 764 55 4111 1165 709 274
internal_count=19366 58 19308 7196 2321 1540 513 1027 812 668 463 177 112 74 205 97 43 108 57 51 286 150 65 4875 764 55 4111 1165 709 274
is_linear=0
shrinkage=0.05


Tree=7
num_leaves=31
num_cat=0
split_feature=6 3 9 9 6 5 3 6 1 6 6 7 1 9 9 5 6 6 6 6 9 1 9 7 7 5 7 5 1 6
split_gain=0.0645742 0.111166 0.173759 0.065029 0.0486074 0.0688172 0.0107726 0.00958486 0.0245726 0.00774303 0.0359862 0.00658942 0.0393546 0.00499616 0.0070935 0.00921165 0.0100563 0.0206144 0.0116939 0.0254769 0.0278075 0.00823415 0.0220157 0.00470332 0.0276173 0.0122196 0.0311688 0.00470858 0.0175189 0.0272727
threshold=0.62167569904968567 -0.9829629131445341 15.550000000000002 14.300000000000002 0.7722495352372748 -0.25000000000000028 -0.78656609248549292 0.62900642198573409 18.500000000000004 0.48422131977811883 0.48589377998642247 0.89587973461402759 16.500000000000004 14.300000000000002 18.850000000000005 0.68301270189221941 0.50723051079156656 0.51448830948573321 0.58099388434400667 0.57279983448874594 18.150000000000002 18.500000000000004 15.550000000000002 1.8688348091416842 2.0126758453675748 0.93301270189221952 3.6505739029280164 -0.93301270189221919 19.500000000000004 0.41408391820824331
decision_type=2 2 2 2 2 2 2 2 2 2 2 2 2 2 2 2 2 2 2 2 2 2 2 2 2 2 2 2 2 2
left_child=6 2 3 -2 7 -6 9 8 -3 23 -11 -9 -13 -12 15 16 -15 -18 19 20 21 -19 -23 27 -25 -26 -27 28 -1 -30
right_child=1 4 -4 -5 5 -7 -8 11 -10 10 13 12 -14 14 -16 -17 17 18 -20 -21 -22 22 -24 24 25 26 -28 -29 29 -31
leaf_value=-0.0060591977218462101 0.0032991667887208478 -0.0065533764822584334 -0.0014036299934372832 0.0019688632407544484 -0.0010814311256394317 0.0014942818477737985 -0.0025195821060242157 -0.0010676450878810474 0.0038568146729305143 0.003116618372758834 -0.0013855083299821381 -1.1211776588149203e-05 0.0061057908991779541 -0.0012964695742721966 -0.0017814520809185165 -0.0054147755096430605 0.0019820637325318191 -5.2259911713409272e-05 -0.0017712166866994173 0.00097003981635207515 0.0009249859500312374 0.00064412532913355478 -0.0053110436909181054 6.520925178824522e-05 -0.00064482502355691089 0.0055548582305138374 -0.01484005666478226 -0.0014087795413769779 0.001805640791306462 -0.0037859977082912114
leaf_weight=148 22 46 49 25 32 30 14980 476 26 23 297 100 21 100 227 159 26 110 97 22 24 28 45 30 414 22 48 1809 20 24
leaf_count=148 22 46 49 25 32 30 14980 476 26 23 297 100 21 100 227 159 26 110 97 22 24 28 45 30 414 22 48 1809 20 24
internal_value=0 0.000433677 0.00203333 0.00420532 0.000223598 0.0015629 -1.78329e-05 9.94775e-05 0.000644445 5.89034e-05 0.00016589 3.37527e-05 0.000363224 0.000126212 0.000188664 0.000277333 0.000392479 0.000518182 0.000410123 0.000605022 0.000433092 0.000223225 0.000634932 9.64279e-06 0.000144553 5.33064e-05 0.000664286 -2.50119e-05 0.000210417 0.00108636
internal_weight=0 827 96 47 731 62 18653 669 72 3673 1158 597 121 1135 838 611 452 352 326 229 207 183 73 2515 514 484 70 2001 192 44
internal_count=19480 827 96 47 731 62 18653 669 72 3673 1158 597 121 1135 838 611 452 352 326 229 207 183 73 2515 514 484 70 2001 192 44
is_linear=0
shrinkage=0.05


Tree=8
num_leaves=31
num_cat=0
split_feature=1 0 9 9 8 8 9 1 9 0 8 8 1 8 8 4 9 9 9 5 9 9 8 8 1 8 8 0 1 1
split_gain=0.0200775 0.0145642 0.0270252 0.0238148 0.026844 0.113134 0.034894 0.0831365 0.0273418 0.00915264 0.0129709 0.0398916 0.133333 0.00627149 0.0393617 0.00452297 0.194825 0.00424802 0.00790676 0.00449893 0.0111771 0.0436569 0.0822511 0.00432406 0.0315657 0.00560284 0.0184087 0.079615 0.00822314 0.0168658
threshold=14.500000000000002 1.5000000000000002 13.800000000000002 16.050000000000004 83.500000000000014 80.500000000000014 14.900000000000002 17.500000000000004 15.550000000000002 11.500000000000002 76.500000000000014 74.500000000000014 18.500000000000004 58.500000000000007 55.500000000000007 -0.68301270189221952 21.400000000000002 17.050000000000004 18.950000000000003 0.93301270189221952 14.300000000000002 14.450000000000001 83.500000000000014 44.500000000000007 20.500000000000004 77.500000000000014 80.500000000000014 9.5000000000000018 19.500000000000004 20.500000000000004
decision_type=2 2 2 2 2 2 2 2 2 2 2 2 2 2 2 2 2 2 2 2 2 2 2 2 2 2 2 2 2 2
left_child=15 2 -2 4 5 8 -6 -8 -4 17 11 13 -13 14 -11 16 -1 19 23 -3 -21 22 -22 24 -19 -25 27 -27 -28 -30
right_child=1 9 3 -5 6 -7 7 -9 -10 10 -12 12 -14 -15 -16 -17 -18 18 -20 20 21 -23 -24 25 -26 26 28 -29 29 -31
leaf_value=-0.0026375951568490654 -0.0037906023303123761 -0.0014878423653695329 -0.0021308056453319848 -0.0012316460955585863 -0.0024825554206296453 0.0019437809217876913 -0.002906499703619142 0.001870420078716728 0.0034064367672351548 -0.0088844573064034045 0.0031342084492848032 -0.0081891491270649434 0.0064239499090959218 -0.00033719710340541776 0.00061191906267687448 -0.0034379094026344144 0.0037329714552652273 -0.010061467853763391 -7.641551134208725e-05 -0.0021664902411043185 0.0052771153189881464 -0.0096601415565474372 -0.0029476103724903114 -0.0018161524686138132 0.0014195677553851095 -0.0014317276475199982 -0.00035226666901200243 0.00087873665252967696 0.0017153587517411363 0.00043028851580119713
leaf_weight=753 354 2449 54 121 128 21 44 29 25 74 505 40 20 135 20 11399 20 75 899 457 28 170 38 388 24 91 484 36 127 398
leaf_count=753 354 2449 54 121 128 21 44 29 25 74 505 40 20 135 20 11399 20 75 899 457 28 170 38 388 24 91 484 36 127 398
internal_value=0 6.75013e-05 0.000272166 0.000542418 0.000780565 0.00145 0.000447513 0.00131986 0.000582912 4.29087e-05 0.00020189 0.000469032 0.00161667 0.000168341 0.000481916 -3.7676e-05 7.93667e-05 2.06221e-05 6.89539e-05 -1.81725e-05 9.43008e-05 0.000373729 0.00146515 0.000134844 0.000455051 0.000114043 0.000170071 0.000737402 9.86627e-05 0.000235715
internal_weight=0 7234 776 422 301 100 201 73 79 6458 794 289 60 229 94 12172 773 5664 2522 3142 693 236 66 1623 99 1524 1136 127 1009 525
internal_count=19406 7234 776 422 301 100 201 73 79 6458 794 289 60 229 94 12172 773 5664 2522 3142 693 236 66 1623 99 1524 1136 127 1009 525
is_linear=0
shrinkage=0.05


Tree=9
num_leaves=31
num_cat=0
split_feature=6 3 4 6 6 5 5 7 6 6 3 4 3 2 8 4 6 8 4 6 5 6 6 6 4 8 5 2 6 6
split_gain=0.0687878 0.109433 0.136938 0.0813041 0.0535727 0.0714286 0.0225861 0.0165272 0.0321429 0.0145096 0.0391191 0.0893246 0.0110179 0.00859039 0.020753 0.0369904 0.0136251 0.0371687 0.0941811 0.0604917 0.0142644 0.0280112 0.00371047 0.0359195 0.00347484 0.0406236 0.0038476 0.00952208 0.0261111 0.00331197
threshold=0.61101061942999502 -0.9829629131445341 1.0000000180025095e-35 0.66022348317863477 0.7722495352372748 -0.25000000000000028 0.93301270189221952 6.8788411363758835 0.27128728141553049 0.62900642198573409 -0.78656609248549292 0.6830127018922193 -0.78656609248549292 -0.12940952255126034 77.500000000000014 -0.68301270189221952 0.48422131977811883 85.000000000000014 0.25000000000000017 0.51206806670475513 0.93301270189221952 0.3765780498158724 0.42087425214079383 0.42968333399553743 0.93301270189221952 59.500000000000007 -0.93301270189221919 0.37940952255126043 0.41098791012500208 0.58455013866365502
decision_type=2 2 2 2 2 2 2 2 2 2 2 2 2 2 2 2 2 2 2 2 2 2 2 2 2 2 2 2 2 2
left_child=7 2 -2 -4 6 -6 9 12 -9 10 11 -3 13 14 -1 -16 20 18 -18 -20 22 -22 -17 -24 26 -26 27 -15 -29 -14
right_child=1 4 3 -5 5 -7 -8 8 -10 -11 -12 -13 29 24 15 16 17 -19 19 -21 21 -23 23 -25 25 -27 -28 28 -30 -31
leaf_value=-3.278706095746764e-05 -0.0013296277181983175 -7.2594735774983438e-05 0.0029774980268205634 0.00051728019598311641 -0.0010235387937903573 0.0013485893676158545 0.00016124428237297985 -0.014092995514309654 0.00043086983763399592 -0.00033465333556140231 -0.00130064302533926 0.0061868646156285068 -0.0031838984792213216 -0.0017908270914217873 0.00013634090746731387 -0.0038281163593691216 -0.0049947916589463022 -0.0027611747184381865 0.0028040770316566546 0.00083479981990319254 0.0050132595530387406 -0.0028002298538657936 0.00047123464851616119 -0.0015184082798202659 0.00058132310954303048 -0.0038805464502736199 -0.0012669556672927481 0.0016295908141540805 -0.006755138064207411 0.00025448483377134014
leaf_weight=675 44 41 26 27 28 28 35 36 20 567 135 27 14544 157 20 317 66 115 20 33 21 30 24 150 22 185 1697 25 47 265
leaf_count=675 44 41 26 27 28 28 35 36 20 567 135 27 14544 157 20 317 66 115 20 33 21 30 24 150 22 185 1697 25 47 265
internal_value=0 0.000419729 0.00201186 0.00372359 0.000240361 0.00173571 0.000136336 -1.48052e-05 0.000842858 7.98708e-05 0.000442611 0.00142059 -1.74137e-05 6.09884e-05 0.000153944 0.000326885 0.000272166 0.000591026 0.0012105 0.00278019 0.000134502 0.000930393 5.18336e-05 0.000237357 -3.11703e-06 0.000191547 -2.40388e-05 0.000168341 0.000644445 -3.64941e-05
internal_weight=0 958 97 53 861 56 805 18469 56 770 203 68 18413 3604 1471 796 776 234 119 53 542 51 491 174 2133 207 1926 229 72 14809
internal_count=19427 958 97 53 861 56 805 18469 56 770 203 68 18413 3604 1471 796 776 234 119 53 542 51 491 174 2133 207 1926 229 72 14809
is_linear=0
shrinkage=0.05


Tree=10
num_leaves=31
num_cat=0
split_feature=6 1 6 3 9 7 6 6 0 3 1 6 6 5 7 6 7 7 6 6 9 6 6 0 0 0 6 6 6 1
split_gain=0.200052 0.262796 0.0379375 0.256314 0.242273 0.0158393 0.0330508 0.0110591 0.035119 0.00883252 0.0118654 0.00989492 0.0340563 0.00826365 0.0115679 0.0287234 0.00718149 0.0250943 0.0167832 0.029989 0.0123237 0.0238095 0.0194151 0.0256098 0.00699793 0.00400132 0.0102416 0.0352941 0.00234679 0.020582
threshold=0.7722495352372748 18.500000000000004 0.62167569904968567 -0.9829629131445341 15.550000000000002 6.8788411363758835 0.27905897004258678 0.62900642198573409 9.5000000000000018 -0.78656609248549292 17.500000000000004 0.42087425214079383 0.42580603073801476 0.93301270189221952 3.0201273556387074 0.37733862498835635 2.0126758453675748 1.700598690831078 0.48422131977811883 0.49011607971518206 18.150000000000002 0.5493747107683159 0.50966161842553204 9.5000000000000018 3.5000000000000004 11.500000000000002 0.53255325689406752 0.55206756031671733 0.58455013866365502 22.500000000000004
decision_type=2 2 2 2 2 2 2 2 2 2 2 2 2 2 2 2 2 2 2 2 2 2 2 2 2 2 2 2 2 2
left_child=2 -2 5 4 24 9 -7 8 -5 10 11 13 -13 -1 15 -15 17 18 -14 -20 22 -22 23 -21 -4 -12 -27 -28 -11 -30
right_child=1 -3 3 7 -6 6 -8 -9 -10 28 25 12 16 14 -16 -17 -18 -19 19 20 21 -23 -24 -25 -26 26 27 -29 29 -31
leaf_value=-0.00060712364376409042 -0.00097236185410083946 0.0012811598992350627 0.0016977169743572773 -0.0061545741501106812 -0.0042795168395711623 -0.013388345738594171 0.00040932634575229778 -0.00031792066878333358 0.0030334332130477651 -0.0030966354292146126 -0.0010476023686591051 0.00044767291609035254 -0.0014424878658292506 0.0047625965753868016 -0.0081587531742094554 -0.008290181016543002 -6.8964998986231763e-05 0.00012952386209394984 0.0026638731800738228 0.0016455676482330095 -0.0043167334110138511 0.00079305982890803264 -3.1147707909595647e-05 -0.01344075204461267 0.0028286231254795349 -0.0049264729456882711 0.00055225695406587729 -0.0036865191277599407 -0.0018842640389861499 0.00024176059208277369
leaf_weight=589 43 34 25 59 37 39 20 614 21 14603 1936 22 256 20 56 27 178 27 21 20 21 21 160 21 21 156 20 48 331 43
leaf_count=589 43 34 25 59 37 39 20 614 21 14603 1936 22 256 20 56 27 178 27 21 20 21 21 160 21 21 156 20 48 331 43
internal_value=0 0.0025474 -6.21201e-06 0.000336101 0.00296205 -2.0485e-05 0.000797458 2.20468e-05 0.000575001 -2.30829e-05 4.72499e-05 0.000158479 0.000284673 2.2255e-05 0.000435438 0.00101383 0.000225863 0.000315631 0.000238462 0.000518182 0.000361523 0.00114048 0.000198757 0.00116951 0.00538478 -2.68512e-05 0.000173215 0.000685295 -3.9984e-05 8.36905e-05
internal_weight=0 77 19412 777 83 18635 59 694 80 18576 3599 1439 747 692 103 47 725 547 520 264 243 42 201 41 46 2160 224 68 14977 374
internal_count=19489 77 19412 777 83 18635 59 694 80 18576 3599 1439 747 692 103 47 725 547 520 264 243 42 201 41 46 2160 224 68 14977 374
is_linear=0
shrinkage=0.05


Tree=11
num_leaves=31
num_cat=0
split_feature=6 9 6 9 9 1 1 7 9 8 7 7 6 6 0 9 1 0 8 1 6 1 8 0 8 7 7 9 6 6
split_gain=0.0693888 0.0570309 0.0634549 0.0488433 0.0756132 0.074528 0.242224 0.0462825 0.0330508 0.0306577 0.0149574 0.0336066 0.00882002 0.0176324 0.0316652 0.102857 0.00677778 0.0130006 0.0377393 0.103286 0.123656 0.00974057 0.0344655 0.0026253 0.00452594 0.0152375 0.0307692 0.00997166 0.0352399 0.103846
threshold=0.61101061942999502 17.150000000000002 0.7722495352372748 13.800000000000002 15.100000000000001 18.500000000000004 17.500000000000004 2.740319461670996 14.900000000000002 76.500000000000014 6.8788411363758835 6.888571940009542 0.50723051079156656 0.51206806670475513 3.5000000000000004 14.300000000000002 16.500000000000004 9.5000000000000018 79.500000000000014 19.500000000000004 0.56586432866964109 22.500000000000004 91.500000000000014 10.500000000000002 66.500000000000014 6.130138349771844 6.197461422143415 17.150000000000002 0.39452410493522433 0.4232264435705918
decision_type=2 2 2 2 2 2 2 2 2 2 2 2 2 2 2 2 2 2 2 2 2 2 2 2 2 2 2 2 2 2
left_child=10 2 3 7 5 6 8 -2 -5 -7 12 -12 23 14 15 -14 -15 21 19 20 -19 -18 -23 -1 -25 27 -27 -26 -29 -30
right_child=1 -3 -4 4 -6 9 -8 -9 -10 -11 11 -13 13 16 -16 -17 17 18 -20 -21 -22 22 -24 24 25 26 -28 28 29 -31
leaf_value=-0.0021031075594669891 -0.0034435406179290752 -0.00031629945612142164 0.00077761775785112341 -0.0046391908856257104 -0.0019729140964700079 0.002881761552395379 0.0026871919692055602 0.00016907810169349837 0.0058790787702425636 -0.0010060249415571876 0.00038886002846468264 -0.018997096931824477 -0.0082047857766725917 -0.0011172048641265159 -0.001727058697401257 0.0015632892658213604 -0.0010109748951698196 0.0064811056925428052 -0.0035021931713719425 -0.0041611608034858921 -0.0074013383918100197 -0.0026648407463546134 0.00022967256247863332 -0.0016869308091716031 0.0013588468662387417 0.0048957924279047112 -0.020555296900262594 -0.0093264624165880616 0.00081683525893606066 -0.0014701405912399712
leaf_weight=12738 249 375 35 39 93 23 32 20 20 55 20 41 45 1098 87 25 710 31 209 88 23 69 22 1524 1358 20 32 191 26 54
leaf_count=12738 249 375 35 39 93 23 32 20 20 55 20 41 45 1098 87 25 710 31 209 88 23 69 22 1524 1358 20 32 191 26 54
internal_value=0 0.000428215 0.000745054 0.000609134 0.00109504 0.00172515 0.00269725 0.000135874 0.000797458 0.000591026 -1.19786e-05 0.000769673 -1.4577e-05 7.46371e-05 0.000586943 0.00137857 3.88895e-05 0.000123612 0.000377351 0.00100634 0.00272778 1.24226e-05 0.000499451 -2.80461e-05 1.24031e-05 6.89774e-05 0.000911539 4.20817e-05 0.000319004 0.0012
internal_weight=0 941 566 531 262 169 91 269 59 78 18411 61 18350 2407 157 70 2250 1152 351 142 54 801 91 15943 3205 1681 52 1629 271 80
internal_count=19352 941 566 531 262 169 91 269 59 78 18411 61 18350 2407 157 70 2250 1152 351 142 54 801 91 15943 3205 1681 52 1629 271 80
is_linear=0
shrinkage=0.05


Tree=12
num_leaves=31
num_cat=0
split_feature=6 1 6 3 4 4 5 6 1 3 1 7 7 4 6 6 6 0 5 6 6 5 6 0 1 6 6 6 6 6
split_gain=0.196911 0.26546 0.039201 0.0918365 0.116483 0.0344777 0.0277266 0.0128799 0.0355072 0.0119248 0.0101924 0.016072 0.106187 0.0155111 0.0248918 0.0144868 0.0531149 0.0594997 0.0119016 0.023748 0.144781 0.00413218 0.024384 0.00608991 0.00508994 0.0058555 0.0327076 0.00717306 0.034632 0.00309905
threshold=0.7722495352372748 18.500000000000004 0.62167569904968567 -0.9829629131445341 1.0000000180025095e-35 -0.68301270189221952 0.93301270189221952 0.62900642198573409 19.500000000000004 -0.60355339059327362 17.500000000000004 3.9219243190762363 3.8176519431297078 -0.68301270189221952 0.43764180752445098 0.5493747107683159 0.57279983448874594 9.5000000000000018 -0.93301270189221919 0.41098791012500208 0.40015747698728416 0.93301270189221952 0.36798778662963388 10.500000000000002 15.500000000000002 0.42087425214079383 0.43764180752445098 0.48422131977811883 0.50028848901319412 0.58455013866365502
decision_type=2 2 2 2 2 2 2 2 2 2 2 2 2 2 2 2 2 2 2 2 2 2 2 2 2 2 2 2 2 2
left_child=2 -2 9 4 -4 -5 7 8 -7 10 11 12 13 14 -1 21 17 -17 19 20 -12 23 -23 -15 -25 -26 -27 -28 -29 -11
right_child=1 -3 3 5 -6 6 -8 -9 -10 29 18 -13 -14 15 -16 16 -18 -19 -20 -21 -22 22 -24 24 25 26 27 28 -30 -31
leaf_value=-0.00093454562655760913 -0.00090792878858972359 0.0012329168770793819 -0.0040497260247865322 0.0060796992036012245 0.002552832370745284 -0.0081050740813706067 0.00016062419660882178 -0.00028620966253809502 0.0027376734747756094 -0.0040052069531766902 -0.0044370187369339124 -4.9701776230848266e-05 0.0036552970022685374 -0.0016666399865620297 0.00022820304696259954 -0.0073963454377175449 -0.0015180109580348712 0.00042935155283549409 -0.00095846036807222847 -0.0015983568736592569 0.0017056467698526813 0.0046296221245908098 -0.0024829385899076961 -7.4252896125293077e-05 -0.0088370653630250439 0.00038444750733903081 -0.0036695871153859527 0.0024627371777581953 -0.0075386269062232116 0.00021818893435470167
leaf_weight=23 44 34 34 24 37 49 31 551 20 13036 86 823 32 675 21 22 107 29 2582 193 22 31 96 140 76 21 95 21 56 301
leaf_count=23 44 34 34 24 37 49 31 551 20 13036 86 823 32 675 21 22 107 29 2582 193 22 31 96 140 76 21 95 21 56 301
internal_value=0 0.0025141 -3.20722e-06 0.000352145 0.00206268 0.000172223 0.00010361 3.06458e-05 0.000674638 -1.75459e-05 4.70692e-05 0.000126367 0.000226817 0.000162315 0.00108636 0.000132616 0.000582912 0.00191078 -1.53133e-05 0.000282227 0.000875927 7.38652e-05 0.000343701 4.22516e-05 0.000194499 0.000321748 0.000468135 0.000240698 0.000599351 -4.25014e-05
internal_weight=0 78 19234 746 71 675 651 620 69 18488 5151 2268 1445 1413 44 1369 158 51 2883 301 108 1211 127 1084 409 269 193 172 77 13337
internal_count=19312 78 19234 746 71 675 651 620 69 18488 5151 2268 1445 1413 44 1369 158 51 2883 301 108 1211 127 1084 409 269 193 172 77 13337
is_linear=0
shrinkage=0.05


Tree=13
num_leaves=28
num_cat=0
split_feature=6 8 6 5 8 3 9 0 6 7 6 6 6 0 9 8 3 0 8 3 7 7 5 7 0 7 7
split_gain=0.114959 0.152727 0.033134 0.0694183 0.0909091 0.0227987 0.0815696 0.123243 0.0367638 0.0166356 0.0324561 0.00742197 0.0189647 0.0371835 0.0708333 0.00786333 0.0327124 0.0903258 0.0358187 0.000978707 0.00566492 0.0260102 0.0103048 0.0378049 0.000756022 0.005579 0.0435897
threshold=0.7722495352372748 82.500000000000014 0.61101061942999502 0.93301270189221952 80.500000000000014 -0.78656609248549292 14.300000000000002 4.5000000000000009 0.61639704838484699 6.8788411363758835 0.27905897004258678 0.50723051079156656 0.51206806670475513 3.5000000000000004 14.300000000000002 73.500000000000014 -0.78656609248549292 11.500000000000002 71.500000000000014 -0.78656609248549292 1.8688348091416842 2.0126758453675748 0.93301270189221952 3.5408542930527878 11.500000000000002 6.130138349771844 6.1548558401448306
decision_type=2 2 2 2 2 2 2 2 2 2 2 2 2 2 2 2 2 2 2 2 2 2 2 2 2 2 2
left_child=2 -2 9 5 -5 6 7 -4 -8 11 -11 19 13 14 -13 16 17 18 -14 20 -1 -22 -23 -24 -21 -26 -27
right_child=1 -3 3 4 -6 -7 8 -9 -10 10 -12 12 15 -15 -16 -17 -18 -19 -20 24 21 22 23 -25 25 26 -28
leaf_value=-0.00089008918504691621 -0.00086253234916023886 0.00084100843452968867 -0.0038721269193847442 0.00015259298677838264 -0.0039245751842090894 -0.00028617400018844387 0.0056610253796321791 0.0057757142434211655 -0.0011266379492171352 -0.021051633995132463 0.0005696773747002837 -0.008635391571588524 -0.0039051797449079829 -0.0015927827441275799 0.0015684568018583924 -0.0005730347089004565 -0.0032640296762774471 0.00024851184013905406 0.0011973197952720894 -0.0039699464823334156 0.00021679289461447039 -0.00046912699479099155 0.0043981410183612677 -0.0076431750487140904 -0.00010514330023574677 0.0048512631541683116 -0.0093458470584632299
leaf_weight=2169 42 33 38 22 22 464 25 37 284 37 20 34 147 94 30 1502 558 31 24 12089 32 447 20 62 1047 20 136
leaf_count=2169 42 33 38 22 22 464 25 37 284 37 20 34 147 94 30 1502 558 31 24 12089 32 447 20 62 1047 20 136
internal_value=0 0.00195 -1.13216e-05 0.000286324 0.00222273 0.00018585 0.000470834 0.00195 0.000111813 -2.56737e-05 0.000827194 -2.83097e-05 5.33064e-05 0.000582912 0.0015125 1.63136e-05 0.000147369 0.000692575 0.000242398 -4.06372e-05 -1.33693e-05 0.000128254 4.45186e-05 0.000559757 -4.62377e-05 -8.4366e-06 0.000270513
internal_weight=0 75 19391 892 44 848 384 75 309 18499 57 18442 2420 158 64 2262 760 202 171 16022 2730 561 529 82 13292 1203 156
internal_count=19466 75 19391 892 44 848 384 75 309 18499 57 18442 2420 158 64 2262 760 202 171 16022 2730 561 529 82 13292 1203 156
is_linear=0
shrinkage=0.05


end of trees

feature_importances:
net_target-1=130
Hour=58
drybulb_temp+1=46
relative_humidity+1=40
diffuse_solar_radiation+1=35
Month=33
month_x=25
hour_y=22
month_y=22
hour_x=3

parameters:
[boosting: gbdt]
[objective: quantile]
[metric: quantile]
[tree_learner: serial]
[device_type: cpu]
[linear_tree: 0]
[data: ]
[valid: ]
[num_iterations: 1000]
[learning_rate: 0.05]
[num_leaves: 31]
[num_threads: 0]
[deterministic: 0]
[force_col_wise: 0]
[force_row_wise: 0]
[histogram_pool_size: -1]
[max_depth: -1]
[min_data_in_leaf: 20]
[min_sum_hessian_in_leaf: 0.001]
[bagging_fraction: 0.7]
[pos_bagging_fraction: 1]
[neg_bagging_fraction: 1]
[bagging_freq: 1]
[bagging_seed: 400]
[feature_fraction: 0.7]
[feature_fraction_bynode: 1]
[feature_fraction_seed: 30056]
[extra_trees: 0]
[extra_seed: 12879]
[early_stopping_round: 50]
[first_metric_only: 0]
[max_delta_step: 0]
[lambda_l1: 0]
[lambda_l2: 0]
[linear_lambda: 0]
[min_gain_to_split: 0]
[drop_rate: 0.1]
[max_drop: 50]
[skip_drop: 0.5]
[xgboost_dart_mode: 0]
[uniform_drop: 0]
[drop_seed: 17869]
[top_rate: 0.2]
[other_rate: 0.1]
[min_data_per_group: 100]
[max_cat_threshold: 32]
[cat_l2: 10]
[cat_smooth: 10]
[max_cat_to_onehot: 4]
[top_k: 20]
[monotone_constraints: ]
[monotone_constraints_method: basic]
[monotone_penalty: 0]
[feature_contri: ]
[forcedsplits_filename: ]
[refit_decay_rate: 0.9]
[cegb_tradeoff: 1]
[cegb_penalty_split: 0]
[cegb_penalty_feature_lazy: ]
[cegb_penalty_feature_coupled: ]
[path_smooth: 0]
[interaction_constraints: ]
[verbosity: -1]
[saved_feature_importance_type: 0]
[max_bin: 255]
[max_bin_by_feature: ]
[min_data_in_bin: 3]
[bin_construct_sample_cnt: 200000]
[data_random_seed: 175]
[is_enable_sparse: 1]
[enable_bundle: 1]
[use_missing: 1]
[zero_as_missing: 0]
[feature_pre_filter: 1]
[pre_partition: 0]
[two_round: 0]
[header: 0]
[label_column: ]
[weight_column: ]
[group_column: ]
[ignore_column: ]
[categorical_feature: ]
[forcedbins_filename: ]
[objective_seed: 16083]
[num_class: 1]
[is_unbalance: 0]
[scale_pos_weight: 1]
[sigmoid: 1]
[boost_from_average: 1]
[reg_sqrt: 0]
[alpha: 0.999]
[fair_c: 1]
[poisson_max_delta_step: 0.7]
[tweedie_variance_power: 1.5]
[lambdarank_truncation_level: 30]
[lambdarank_norm: 1]
[label_gain: ]
[eval_at: ]
[multi_error_top_k: 1]
[auc_mu_weights: ]
[num_machines: 1]
[local_listen_port: 12400]
[time_out: 120]
[machine_list_filename: ]
[machines: ]
[gpu_platform_id: -1]
[gpu_device_id: -1]
[gpu_use_dp: 0]
[num_gpu: 1]

end of parameters

pandas_categorical:[]
